255 255 255 255 255 255 255 255 255 255 255 255 255 255 255 255
255 246 207 207 207 207 207 207 207 207 207 207 207 207 246 255
255 207   0   0   0   0   0   0   0   0   0   0   0   0 207 255
255 207   0   0   0   0   0   0   0   0   0   0   0   0 207 255
255 207   0   0   0   0   0 134 143 143 143  80   0   0 207 255
255 207   0   0   0   0   0 239 255 255 255 143   0   0 207 255
255 207   0   0   0   0   0 239 255 255 255 143   0   0 207 255
255 207   0   0 134 239 239 254 240  15  15   8   0   0 207 255
255 207   0   0 134 239 239 254 240  15  15   8   0   0 207 255
255 207   0   0   0   0   0 239 255 255 255 143   0   0 207 255
255 207   0   0   0   0   0 239 255 255 255 143   0   0 207 255
255 207   0   0   0   0   0 134 143 143 143  80   0   0 207 255
255 207   0   0   0   0   0   0   0   0   0   0   0   0 207 255
255 207   0   0   0   0   0   0   0   0   0   0   0   0 207 255
255 246 207 207 207 207 207 207 207 207 207 207 207 207 246 255
255 255 255 255 255 255 255 255 255 255 255 255 255 255 255 255
255 255 255 255 255 255 255 255 255 255 255 255 255 255 255 255
255 246 207 207 207 207 207 207 207 207 207 207 207 207 246 255
255 207   0   0   0   0   0   0   0   0   0   0   0   0 207 255
255 207   0   0   0   0   0   0   0   0   0   0   0   0 207 255
255 207   0   0   0   0   0 134 143 143 143  80   0   0 207 255
255 207   0   0   0   0   0 239 255 255 255 143   0   0 207 255
255 207   0   0   0   0   0 239 255 255 255 143   0   0 207 255
255 207   0   0 134 239 239 254 240  15  15   8   0   0 207 255
255 207   0   0 134 239 239 254 240  15  15   8   0   0 207 255
255 207   0   0   0   0   0 239 255 255 255 143   0   0 207 255
255 207   0   0   0   0   0 239 255 255 255 143   0   0 207 255
255 207   0   0   0   0   0 134 143 143 143  80   0   0 207 255
255 207   0   0   0   0   0   0   0   0   0   0   0   0 207 255
255 207   0   0   0   0   0   0   0   0   0   0   0   0 207 255
255 246 207 207 207 207 207 207 207 207 207 207 207 207 246 255
255 255 255 255 255 255 255 255 255 255 255 255 255 255 255 255
255 255 255 255 255 255 255 255 255 255 255 255 255 255 255 255
255 246 207 207 207 207 207 207 207 207 207 207 207 207 246 255
255 207   0   0   0   0   0   0   0   0   0   0   0   0 207 255
255 207   0   0   0   0   0   0   0   0   0   0   0   0 207 255
255 207   0   0   0   0   0 134 143 143 143  80   0   0 207 255
255 207   0   0   0   0   0 239 255 255 255 143   0   0 207 255
255 207   0   0   0   0   0 239 255 255 255 143   0   0 207 255
255 207   0   0 134 239 239 254 240  15  15   8   0   0 207 255
255 207   0   0 134 239 239 254 240  15  15   8   0   0 207 255
255 207   0   0   0   0   0 239 255 255 255 143   0   0 207 255
255 207   0   0   0   0   0 239 255 255 255 143   0   0 207 255
255 207   0   0   0   0   0 134 143 143 143  80   0   0 207 255
255 207   0   0   0   0   0   0   0   0   0   0   0   0 207 255
255 207   0   0   0   0   0   0   0   0   0   0   0   0 207 255
255 246 207 207 207 207 207 207 207 207 207 207 207 207 246 255
255 255 255 255 255 255 255 255 255 255 255 255 255 255 255 255

255 255 255 255 255 255 255 255 255 255 255 255 255 255 255 255
255 246 207 207 207 207 207 207 207 207 207 207 207 207 246 255
255 207   0   0   0   0   0   0   0   0   0   0   0   0 207 255
255 207   0   0   0   0   0   0   0   0   0   0   0   0 207 255
255 207   0   0  80 143 143   8   8 143 143  80   0   0 207 255
255 207   0   0 143 255 255  15  15 255 255 143   0   0 207 255
255 207   0   0 143 255 255  15  15 255 255 143   0   0 207 255
255 207   0   0 143 255 255 240 240 255 255 143   0   0 207 255
255 207   0   0 134 239 239 254 254 239 239 134   0   0 207 255
255 207   0   0   0   0   0 239 239   0   0   0   0   0 207 255
255 207   0   0   0   0   0 239 239   0   0   0   0   0 207 255
255 207   0   0   0   0   0 134 134   0   0   0   0   0 207 255
255 207   0   0   0   0   0   0   0   0   0   0   0   0 207 255
255 207   0   0   0   0   0   0   0   0   0   0   0   0 207 255
255 246 207 207 207 207 207 207 207 207 207 207 207 207 246 255
255 255 255 255 255 255 255 255 255 255 255 255 255 255 255 255
255 255 255 255 255 255 255 255 255 255 255 255 255 255 255 255
255 246 207 207 207 207 207 207 207 207 207 207 207 207 246 255
255 207   0   0   0   0   0   0   0   0   0   0   0   0 207 255
255 207   0   0   0   0   0   0   0   0   0   0   0   0 207 255
255 207   0   0  80 143 143   8   8 143 143  80   0   0 207 255
255 207   0   0 143 255 255  15  15 255 255 143   0   0 207 255
255 207   0   0 143 255 255  15  15 255 255 143   0   0 207 255
255 207   0   0 143 255 255 240 240 255 255 143   0   0 207 255
255 207   0   0 134 239 239 254 254 239 239 134   0   0 207 255
255 207   0   0   0   0   0 239 239   0   0   0   0   0 207 255
255 207   0   0   0   0   0 239 239   0   0   0   0   0 207 255
255 207   0   0   0   0   0 134 134   0   0   0   0   0 207 255
255 207   0   0   0   0   0   0   0   0   0   0   0   0 207 255
255 207   0   0   0   0   0   0   0   0   0   0   0   0 207 255
255 246 207 207 207 207 207 207 207 207 207 207 207 207 246 255
255 255 255 255 255 255 255 255 255 255 255 255 255 255 255 255
255 255 255 255 255 255 255 255 255 255 255 255 255 255 255 255
255 246 207 207 207 207 207 207 207 207 207 207 207 207 246 255
255 207   0   0   0   0   0   0   0   0   0   0   0   0 207 255
255 207   0   0   0   0   0   0   0   0   0   0   0   0 207 255
255 207   0   0  80 143 143   8   8 143 143  80   0   0 207 255
255 207   0   0 143 255 255  15  15 255 255 143   0   0 207 255
255 207   0   0 143 255 255  15  15 255 255 143   0   0 207 255
255 207   0   0 143 255 255 240 240 255 255 143   0   0 207 255
255 207   0   0 134 239 239 254 254 239 239 134   0   0 207 255
255 207   0   0   0   0   0 239 239   0   0   0   0   0 207 255
255 207   0   0   0   0   0 239 239   0   0   0   0   0 207 255
255 207   0   0   0   0   0 134 134   0   0   0   0   0 207 255
255 207   0   0   0   0   0   0   0   0   0   0   0   0 207 255
255 207   0   0   0   0   0   0   0   0   0   0   0   0 207 255
255 246 207 207 207 207 207 207 207 207 207 207 207 207 246 255
255 255 255 255 255 255 255 255 255 255 255 255 255 255 255 255

254 251 248 248 248 248 248 248 248 248 248 248 248 248 251 254
251 179 116 116 116 116 116 116 116 116 116 116 116 116 179 251
248 116   0   0   0   0   0   0   0   0   0   0   0   0 116 248
248 116   0   0   0   0   0   0   0   0   0   0   0   0 116 248
248 116   0   0  58 117 122 122 116  24   0   0   0   0 116 248
248 116   0   0 117 232 243 243 231  48   0   0   0   0 116 248
248 116   0   0  97 193 213 252 245  92  47  22   0   0 116 248
248 116   0   0   5  11  60 243 254 245 227 108   0   0 116 248
248 116   0   0   5  11  60 243 254 245 227 108   0   0 116 248
248 116   0   0  97 193 213 252 245  92  47  22   0   0 116 248
248 116   0   0 114 227 238 238 227  47   0   0   0   0 116 248
248 116   0   0  54 108 113 113 108  22   0   0   0   0 116 248
248 116   0   0   0   0   0   0   0   0   0   0   0   0 116 248
248 116   0   0   0   0   0   0   0   0   0   0   0   0 116 248
251 179 116 116 116 116 116 116 116 116 116 116 116 116 179 251
254 251 248 248 248 248 248 248 248 248 248 248 248 248 251 254
254 251 248 248 248 248 248 248 248 248 248 248 248 248 251 254
251 179 116 116 116 116 116 116 116 116 116 116 116 116 179 251
248 116   0   0   0   0   0   0   0   0   0   0   0   0 116 248
248 116   0   0   0   0   0   0   0   0   0   0   0   0 116 248
248 116   0   0  58 117 122 122 116  24   0   0   0   0 116 248
248 116   0   0 117 232 243 243 231  48   0   0   0   0 116 248
248 116   0   0  97 193 213 252 245  92  47  22   0   0 116 248
248 116   0   0   5  11  60 243 254 245 227 108   0   0 116 248
248 116   0   0   5  11  60 243 254 245 227 108   0   0 116 248
248 116   0   0  97 193 213 252 245  92  47  22   0   0 116 248
248 116   0   0 114 227 238 238 227  47   0   0   0   0 116 248
248 116   0   0  54 108 113 113 108  22   0   0   0   0 116 248
248 116   0   0   0   0   0   0   0   0   0   0   0   0 116 248
248 116   0   0   0   0   0   0   0   0   0   0   0   0 116 248
251 179 116 116 116 116 116 116 116 116 116 116 116 116 179 251
254 251 248 248 248 248 248 248 248 248 248 248 248 248 251 254
254 251 248 248 248 248 248 248 248 248 248 248 248 248 251 254
251 179 116 116 116 116 116 116 116 116 116 116 116 116 179 251
248 116   0   0   0   0   0   0   0   0   0   0   0   0 116 248
248 116   0   0   0   0   0   0   0   0   0   0   0   0 116 248
248 116   0   0  58 117 122 122 116  24   0   0   0   0 116 248
248 116   0   0 117 232 243 243 231  48   0   0   0   0 116 248
248 116   0   0  97 193 213 252 245  92  47  22   0   0 116 248
248 116   0   0   5  11  60 243 254 245 227 108   0   0 116 248
248 116   0   0   5  11  60 243 254 245 227 108   0   0 116 248
248 116   0   0  97 193 213 252 245  92  47  22   0   0 116 248
248 116   0   0 114 227 238 238 227  47   0   0   0   0 116 248
248 116   0   0  54 108 113 113 108  22   0   0   0   0 116 248
248 116   0   0   0   0   0   0   0   0   0   0   0   0 116 248
248 116   0   0   0   0   0   0   0   0   0   0   0   0 116 248
251 179 116 116 116 116 116 116 116 116 116 116 116 116 179 251
254 251 248 248 248 248 248 248 248 248 248 248 248 248 251 254

255 251 248 248 248 248 248 248 248 248 248 248 248 248 251 255
251 180 116 116 116 116 116 116 116 116 116 116 116 116 180 251
248 116   0   0   0   0   0   0   0   0   0   0   0   0 116 248
248 116   0   0   0   0   0   0   0   0   0   0   0   0 116 248
248 116   0   0   0   0  23 108 108  23   0   0   0   0 116 248
248 116   0   0   0   0  48 227 227  48   0   0   0   0 116 248
248 116   0   0  25  49  92 245 245  92  48  23   0   0 116 248
248 116   0   0 117 232 245 254 254 245 227 108   0   0 116 248
248 116   0   0 123 243 253 244 244 253 238 114   0   0 116 248
248 116   0   0 123 243 214  61  61 214 238 114   0   0 116 248
248 116   0   0 117 232 194  11  11 194 228 108   0   0 116 248
248 116   0   0  59 117  97   6   6  97 115  54   0   0 116 248
248 116   0   0   0   0   0   0   0   0   0   0   0   0 116 248
248 116   0   0   0   0   0   0   0   0   0   0   0   0 116 248
251 180 116 116 116 116 116 116 116 116 116 116 116 116 180 251
255 251 248 248 248 248 248 248 248 248 248 248 248 248 251 255
255 251 248 248 248 248 248 248 248 248 248 248 248 248 251 255
251 180 116 116 116 116 116 116 116 116 116 116 116 116 180 251
248 116   0   0   0   0   0   0   0   0   0   0   0   0 116 248
248 116   0   0   0   0   0   0   0   0   0   0   0   0 116 248
248 116   0   0   0   0  23 108 108  23   0   0   0   0 116 248
248 116   0   0   0   0  48 227 227  48   0   0   0   0 116 248
248 116   0   0  25  49  92 245 245  92  48  23   0   0 116 248
248 116   0   0 117 232 245 254 254 245 227 108   0   0 116 248
248 116   0   0 123 243 253 244 244 253 238 114   0   0 116 248
248 116   0   0 123 243 214  61  61 214 238 114   0   0 116 248
248 116   0   0 117 232 194  11  11 194 228 108   0   0 116 248
248 116   0   0  59 117  97   6   6  97 115  54   0   0 116 248
248 116   0   0   0   0   0   0   0   0   0   0   0   0 116 248
248 116   0   0   0   0   0   0   0   0   0   0   0   0 116 248
251 180 116 116 116 116 116 116 116 116 116 116 116 116 180 251
255 251 248 248 248 248 248 248 248 248 248 248 248 248 251 255
255 251 248 248 248 248 248 248 248 248 248 248 248 248 251 255
251 180 116 116 116 116 116 116 116 116 116 116 116 116 180 251
248 116   0   0   0   0   0   0   0   0   0   0   0   0 116 248
248 116   0   0   0   0   0   0   0   0   0   0   0   0 116 248
248 116   0   0   0   0  23 108 108  23   0   0   0   0 116 248
248 116   0   0   0   0  48 227 227  48   0   0   0   0 116 248
248 116   0   0  25  49  92 245 245  92  48  23   0   0 116 248
248 116   0   0 117 232 245 254 254 245 227 108   0   0 116 248
248 116   0   0 123 243 253 244 244 253 238 114   0   0 116 248
248 116   0   0 123 243 214  61  61 214 238 114   0   0 116 248
248 116   0   0 117 232 194  11  11 194 228 108   0   0 116 248
248 116   0   0  59 117  97   6   6  97 115  54   0   0 116 248
248 116   0   0   0   0   0   0   0   0   0   0   0   0 116 248
248 116   0   0   0   0   0   0   0   0   0   0   0   0 116 248
251 180 116 116 116 116 116 116 116 116 116 116 116 116 180 251
255 251 248 248 248 248 248 248 248 248 248 248 248 248 251 255
